1024.217506459155
1947.5220515171811
392.8344761879845
1023.4175986467939
2389.0839212708247
2526.8902171758064
327.7245625759858
2314.8014185878887
2243.6694495235583
327.72456257597304
1358.2042805125934
1576.6004994078887
2804.711230729067
268.8257156618009
170.09781899305946
2024.0771665647435
924.5424192012393
1514.9782838443682
845.0058046875328
1024.217506459155
447.79221168001004
3593.447246922324
327.7245625759858
1340.9910987453054
924.5424192012393
1419.538432163828
924.5424192012393
1576.6004994078887
2172.2499601949303
1934.0142609447246
194.89060341994087
12427.86452745593
845.0058046875328
9814.57401006813
1020.4971445569616
1266.7097169619428
2178.161363046758
801.4255479524664
4730.7466917212905
1762.3503787366378
13060.114922339511
4086.11044384432
5026.761852238471
1962.7627566224228
2533.4226545589327
2178.161363046758
1023.4175986467939
1758.5816025290321
1020.4971445569616
704.5994838597694
467.9389537847938
564.1975901823697
829.4631789428151
1015.2924277737255
1419.538432163828
578.9172525388119
2707.0723277351954
392.8344761879845
2394.3766636305695
818.1679336789259
4354.354498021985
461.02837079238265
4905.047335288086
845.0058046875328
4494.653669660389
818.1679336789259
426.8384024125421
461.02837079238265
1024.217506459155
194.89060341994087
2644.2322784736407
2563.7437705868874
1762.3503787366378
754.1288400683445
845.0058046875328
2024.0771665647435
1266.7097169619128
924.5424192012393
5368.327157006816
None
461.02837079238265
1358.2042805125934
754.1288400683445
327.72456257597304
635.9695926725211
1762.3503787366378
1024.217506459155
1210.5327505609685
447.79221168001004
704.5994838597694
642.1738722561718
2428.4374306705586
642.1738722561718
3089.298091629794
1576.6004994078887
1226.2491182620881
2024.0771665647435
1762.3503787366378
194.89060341994087
2024.0771665647435
642.1738722561718
3055.924882919109
1576.6004994078887
3089.298091629794
1419.538432163828
642.1738722561718
3989.304626843744
1576.6004994078887
578.9172525388119
971.5883264594374
1576.6004994078887
6492.338537528152
1762.3503787366378
2414.084866422581
4288.176281369234
1729.319836641778
1419.538432163828
2103.0899999999892
642.1738722561718
1762.3503787366378
2103.0899999999892
2644.2322784736407
2644.2322784736407
1576.6004994078887
259.20387683799004
3124.606435331951
1951.8509685967415
426.8384024125421
2178.161363046758
327.72456257597304
1023.4175986467939
1015.2924277737255
1762.3503787366378
447.79221168001004
1266.7097169619128
564.1975901823697
194.89060341994087
924.5424192012393
259.20387683799004
1762.3503787366378
447.79221168001004
2428.4374306705586
9823.353614768772
1132.0654522921438
1132.0654522921438
268.8257156618387
564.1975901823697
1236.1686703546513
773.4310470135704
642.1738722561718
2103.0899999999892
2314.8014185878887
1153.4713838170799
1020.4971445569616
4684.955058455233
12304.985535777532
4547.122156671195
2024.0771665647435
2178.161363046758
1488.0210253352102
4371.253628715264
None
327.72456257597304
0.0
1758.5816025290321
1576.6004994078887
1762.3503787366378
1158.5237614238713
447.79221168001004
1419.538432163828
1762.3503787366378
1576.6004994078887
8547.406958690903
1762.3503787366378
128.75207845521695
None
754.1288400683445
2908.2901647492617
7711.314281214667
2644.983031409931
642.1738722561718
1576.6004994078887
561.0062261850898
1576.6004994078887
533.1894502353578
832.3758306245787
1020.4971445569616
1178.9057241890425
1182.932427114979
2178.161363046758
1576.6004994078887
16173.760168192197
447.79221168001004
1668.0447789259445
754.1288400683445
829.4631789428151
1023.4175986467939
441.9919705659999
13846.980193786983
None
564.1975901823697
2908.2901647492617
1340.9910987453054
0.0
3568.881770294298
1576.6004994078887
2526.8902171758064
2428.4374306705586
1844.8752099119615
2100.5835141966245
2394.3766636305695
1576.6004994078887
3388.223526298851
1962.7627566224228
3736.9682987963247
1236.1686703546513
1226.2491182620881
4180.420357650581
2024.0771665647435
197.0380109897575
14210.857854764707
1762.3503787366378
194.89060341994087
1266.7097169619128
533.1894502353578
924.5424192012393
426.8384024125421
1576.6004994078887
0.0
2024.0771665647435
1266.7097169619428
1729.319836641778
4252.2860847175425
4677.493194011576
461.02837079238265
2552.8441086566113
1514.9782838443682
3152.619683009461
2314.8014185878887
1765.4301693857517
1024.217506459155
642.1738722561718
1762.3503787366378
10795.541123062792
1015.1288238544834
4547.122156671195
194.89060341994087
2671.6995954335503
170.09781899305946
3380.425308394964
392.8344761879845
2024.0771665647435
2908.2901647492617
1266.7097169619128
1947.5220515171811
426.8384024125421
5166.178358107211
4844.535515406385
461.02837079238265
1762.3503787366378
1475.5211844246817
None
327.72456257597304
447.79221168001004
1934.0142609447246
1182.932427114979
4482.100422314486
2428.4374306705586
None
1419.538432163828
1178.9057241890425
194.89060341994087
3869.947576424915
1182.932427114979
1015.2924277737255
426.8384024125421
620.0299434811783
924.5424192012393
578.9172525388119
845.0058046875328
2908.2901647492617
10759.064617020216
4185.372405242904
1576.6004994078887
754.1288400683445
2024.0771665647435
300.9588497493808
2587.7619478420174
2526.8902171758064
447.79221168001004
1015.2924277737255
2178.161363046758
261.43963458169065
1132.0654522921438
1023.4175986467939
578.9172525388119
1132.0654522921438
2592.372727571402
1561.997826949379
1340.9910987453054
818.1679336789259
1266.7097169619128
2172.2499601949303
578.9172525388119
832.3758306245842
2679.2065694812527
642.1738722561718
327.72456257597304
7807.531795590613
3989.304626843744
4844.535515406385
6906.790761567124
2024.0771665647435
1039.913643093193
4383.6931314386065
564.1975901823697
2908.2901647492617
2908.2901647492617
392.8344761879845
2908.2901647492617
578.9172525388119
692.0824508308094
1762.3503787366378
259.20387683799004
327.72456257597304
1576.6004994078887
1762.3503787366378
1233.6137217834564
1831.8790613934816
1015.2924277737255
1940.874197766812
327.72456257597304
642.1738722561718
170.09781899305946
704.5994838597694
1762.3503787366378
1962.7627566224228
327.72456257597304
564.1975901823697
327.72456257597304
1419.538432163828
749.6494285573538
2592.372727571402
1576.6004994078887
2391.2810202489027
1834.0128088140177
4252.2860847175425
1023.4175986467939
1266.7097169619428
564.1975901823697
564.1975901823697
441.9919705659999
194.89060341994087
2151.216942456472
1458.005730454425
2908.2901647492617
3913.2957625578574
2394.3766636305695
461.02837079238265
1015.2924277737255
2428.4374306705586
1153.4713838170799
578.9172525388119
2380.7382570876957
4883.6003745730795
3666.1094692756965
1576.6004994078887
1266.7097169619128
2908.2901647492617
692.0824508307719
642.1738722561718
447.79221168001004
2908.2901647492617
1236.1686703546513
1015.2924277737255
447.79221168001004
3117.742638025361
1522.570081726054
1015.2924277737255
1039.913643093193
1762.3503787366378
441.9919705659999
13574.793995562723
11141.439199065002
1762.3503787366378
447.79221168001004
194.89060341994087
1015.2924277737255
327.72456257597304
2178.161363046758
2391.2810202489027
447.79221168001004
642.1738722561718
1015.2924277737255
447.79221168001004
327.72456257597304
845.0058046875328
1132.0654522921438
327.72456257597304
1358.2042805125934
3117.742638025361
642.1738722561718
1023.4175986467939
1266.7097169619128
845.0058046875328
818.1679336789259
268.8257156618009
8171.495463073148
1522.570081726054
1023.4175986467939
1132.0654522921438
3306.67200929543
903.9001548885336
845.0058046875328
1419.538432163828
1358.2042805125934
2804.711230729067
742.0761156526439
5047.656244924858
1236.1686703546513
1024.217506459155
1323.296899116088
327.7245625759858
673.5921027883218
801.4255479524664
1576.6004994078887
4493.830959360638
333.23268386095236
1358.2042805125934
1266.7097169619428
4086.11044384432
3934.883290462152
2428.4374306705586
564.1975901823697
845.0058046875328
194.89060341994087
1576.6004994078887
832.3758306245787
635.9695926725211
620.0299434811783
1576.6004994078887
1834.0128088140177
749.6494285573538
2391.2810202489027
None
754.1288400683445
1153.4713838170799
447.79221168001004
447.79221168001004
754.1288400683445
2178.161363046758
327.72456257597304
447.79221168001004
642.1738722561718
1015.2924277737255
673.5921027883218
327.72456257597304
635.9695926725211
564.1975901823697
392.8344761879845
1020.4971445569616
1576.6004994078887
1962.7627566224228
814.2570804595224
2178.161363046758
620.0299434811783
4884.949133094828
1419.538432163828
533.1894502353578
1762.3503787366378
971.5883264594374
1576.6004994078887
4008.78544651705
194.89060341994087
447.79221168001004
194.89060341994087
2908.2901647492617
392.8344761879845
578.9172525388119
845.0058046875328
1576.6004994078887
564.1975901823697
447.79221168001004
4996.8626918238715
327.72456257597304
2076.0258729216644
1132.0654522921438
642.1738722561718
1015.2924277737255
1023.4175986467939
461.02837079238265
2592.372727571402
1024.217506459155
1576.6004994078887
392.8344761879845
642.1738722561718
2526.8902171758064
327.72456257597304
754.1288400683445
845.0058046875328
1762.3503787366378
1020.4971445569616
2024.0771665647435
561.9405015519568
2243.6694495235583
4905.047335288086
1944.838300128094
None
2552.8441086566113
3989.304626843744
673.5921027883218
327.7245625759858
1576.6004994078887
924.5424192012393
222.18272494301826
1039.913643093193
1475.5211844246817
2908.2901647492617
1576.6004994078887
2428.4374306705586
467.9389537848253
1576.6004994078887
4854.975259458833
924.5424192012393
1266.7097169619428
194.89060341994087
361.09037927346986
361.09037927346986
361.09037927346986
1762.3503787366378
1762.3503787366378
1762.3503787366378
1762.3503787366378
1762.3503787366378
1762.3503787366378
1762.3503787366378
1762.3503787366378
1762.3503787366378
1762.3503787366378
1762.3503787366378
2908.2901647492617
1762.3503787366378
1576.6004994078887
1132.0654522921438
642.1738722561718
533.1894502353578
2076.0258729216644
9590.22672134473
1475.5211844246817
2563.7437705868874
2024.0771665647435
194.89060341994087
2707.0723277351954
2024.0771665647435
1576.6004994078887
642.1738722561718
1182.932427114979
924.5424192012393
None
2024.0771665647435
801.4255479524664
461.02837079238265
1182.932427114979
1132.0654522921438
327.7245625759858
2024.0771665647435
620.0299434811783
222.18272494301826
2024.0771665647435
6273.367857938747
1236.1686703546513
1962.7627566224228
1762.3503787366378
1576.6004994078887
564.1975901823697
620.0299434811783
4494.653669660389
327.72456257597304
845.0058046875328
1576.6004994078887
845.0058046875328
2908.2901647492617
1024.217506459155
327.7245625759858
2380.7382570876957
642.1738722561718
1762.3503787366378
2428.4374306705586
2428.4374306705586
1015.2924277737255
2428.4374306705586
2394.3766636305695
4548.530874933018
818.1679336789259
1152.8073956802402
564.1975901823697
4822.362439443879
1850.2139774862271
1132.0654522921438
170.09781899305946
2526.8902171758064
327.72456257597304
692.0824508307719
3989.304626843744
1576.6004994078887
2629.9534973458913
2178.161363046758
2951.261068993186
845.0058046875328
1475.5211844246817
1323.296899116088
1024.217506459155
1576.6004994078887
327.72456257597304
1962.7627566224228
1588.1009525611423
754.1288400683445
327.7245625759858
1020.4971445569616
1039.913643093193
1158.5237614238713
447.79221168001004
1850.2139774862271
2394.3766636305695
1762.3503787366378
1334.5140195268234
1182.932427114979
268.8257156618009
924.5424192012393
447.79221168001004
4252.2860847175425
1951.8509685967415
2024.0771665647435
1158.5237614238713
1039.913643093193
268.8257156618009
1024.217506459155
1962.7627566224228
982.7184337869752
561.9405015519568
2178.161363046758
1576.6004994078887
1576.6004994078887
561.9405015519568
845.0058046875328
3152.619683009461
1358.2042805125934
2679.2065694812527
1762.3503787366378
1947.5220515171811
1762.3503787366378
1158.5237614238713
327.72456257597304
None
2542.1580398715523
5661.0205825068615
3898.48083577466
6720.878811504205
461.02837079238265
197.0380109897575
1419.538432163828
2428.4374306705586
2100.5835141966245
4141.880040288173
1158.5237614238713
564.1975901823697
1475.5211844246817
1762.3503787366378
578.9172525388119
1576.6004994078887
642.1738722561718
2526.8902171758064
8498.488336122778
578.9172525388119
3089.298091629794
3089.298091629794
1419.538432163828
1339.2439085339252
1236.1686703546513
1762.3503787366378
1576.6004994078887
1576.6004994078887
845.0058046875328
4547.122156671195
642.1738722561718
378.0183785476898
578.9172525388119
1576.6004994078887
1522.570081726054
620.0299434811783
None
773.4310470135704
533.1894502353578
1951.8509685967415
2908.2901647492617
2178.161363046758
7736.702956100106
924.5424192012393
801.4255479524664
5309.998712292312
1023.4175986467939
1361.7211719143552
1266.7097169619428
426.8384024125421
12332.438821921654
4248.761446451849
1020.4971445569616
1576.6004994078887
1182.932427114979
706.1547322079623
1962.7627566224228
1419.538432163828
447.79221168001004
1534.824245530001
1576.6004994078887
1023.4175986467939
4776.020559667527
2798.125079954695
1576.6004994078887
4329.545712048641
1024.217506459155
3414.8856312715557
903.9001548885336
5534.524474862434
2908.2901647492617
1576.6004994078887
1334.5140195268234
533.1894502353578
4180.420357650581
128.75207845521695
4371.253628715264
1762.3503787366378
1024.217506459155
2178.161363046758
1947.5220515171811
564.1975901823697
2908.2901647492617
11141.439199065002
924.5424192012393
1962.7627566224228
642.1738722561718
2226.2474444565214
4991.907983845818
1480.966244469728
1419.538432163828
3089.298091629794
1023.4175986467939
1020.4971445569616
1576.6004994078887
2024.0771665647435
561.0062261850898
692.0824508308094
903.9001548885336
461.02837079238265
1834.0128088140177
754.1288400683445
1576.6004994078887
1762.3503787366378
1762.3503787366378
194.89060341994087
3345.711238526734
447.79221168001004
11141.439199065002
2428.4374306705586
327.7245625759858
5766.116325239234
1488.0210253352102
1551.1250472703184
1551.1250472703184
447.79221168001004
194.89060341994087
2428.4374306705586
564.1975901823697
12835.522039199765
1266.7097169619128
447.79221168001004
1323.296899116088
754.1288400683445
4307.12698517169
1340.9910987453054
2314.8014185878887
704.5994838597694
170.09781899305946
2644.973593418582
564.1975901823697
754.1288400683445
1576.6004994078887
2563.7437705868874
2453.4507838135783
818.1679336789259
194.89060341994087
1153.4713838170799
924.5424192012393
194.89060341994087
170.09781899305946
642.1738722561718
1132.0654522921438
None
818.1679336789259
1419.538432163828
None
6273.367857938747
1962.7627566224228
2103.0899999999892
818.1679336789259
1762.3503787366378
6670.414187875451
2178.161363046758
3355.0753600972075
327.7245625759858
4185.372405242904
4550.298137288517
441.9919705659999
194.89060341994087
561.0062261850898
1576.6004994078887
2178.161363046758
924.5424192012393
2644.973593418582
441.9919705659999
1023.4175986467939
578.9172525388119
1182.932427114979
3117.742638025361
1762.3503787366378
2587.7619478420174
None
2908.2901647492617
1024.217506459155
2394.3766636305695
2908.2901647492617
1735.0368031866537
5302.71630335778
1729.319836641778
2563.7437705868874
1339.2439085339252
4185.372405242904
749.6494285573538
845.0058046875328
1039.913643093193
1844.8752099119615
924.5424192012393
2243.6694495235583
2644.2322784736407
1735.0368031866537
8318.139347685747
148.12999375396518
2526.8902171758064
327.72456257597304
14436.307700009056
4494.653669660389
2587.7619478420174
754.1288400683445
1340.9910987453054
1132.0654522921438
1132.0654522921438
3898.48083577466
1962.7627566224228
4457.020661447795
561.0062261850898
268.8257156618387
327.72456257597304
1947.5220515171811
327.72456257597304
9389.278111505973
6440.221390888855
4180.420357650581
4324.788968010763
3479.7799244311836
4685.264385730649
1962.7627566224228
845.0058046875328
1093.2275214229026
128.75207845521695
2908.2901647492617
1020.4971445569616
3888.586628704291
4730.7466917212905
7031.1662273679
1458.005730454425
1962.7627566224228
1576.6004994078887
2908.2901647492617
None
773.4310470135704
903.9001548885336
2139.463129794652
268.8257156618009
1132.0654522921438
2024.0771665647435
327.72456257597304
1834.0128088140177
None
1233.6137217834564
1576.6004994078887
1023.4175986467939
194.89060341994087
1178.9057241890425
461.02837079238265
4009.3032545672118
268.8257156618387
4009.3032545672118
924.5424192012393
1152.8073956802402
1925.2934044702515
3331.674780538617
None
561.0062261850898
3255.7141342152477
2024.0771665647435
1023.4175986467939
268.8257156618009
2024.0771665647435
4494.653669660389
None
4625.337079370004
1488.0210253352102
16223.302663378508
None
740.4151504565995
1020.4971445569616
673.5921027883218
447.79221168001004
561.9405015519568
2394.3766636305695
146.89331740249918
9637.345506388065
None
1475.5211844246817
16125.81906706498
578.9172525388119
2243.6694495235583
1576.6004994078887
3898.48083577466
1015.2924277737255
1762.3503787366378
1762.3503787366378
818.1679336789259
None
None
1152.8073956802402
1132.0654522921438
749.6494285573538
564.1975901823697
327.72456257597304
7562.797210493076
170.09781899305946
1458.005730454425
642.1738722561718
194.89060341994087
1266.7097169619128
2159.045857495906
1762.3503787366378
1762.3503787366378
1762.3503787366378
12077.732183278313
1266.7097169619128
447.79221168001004
None
0.0
845.0058046875328
1152.8073956802402
6881.151935872188
1514.9782838443682
467.9389537848253
1551.1250472703184
1023.4175986467939
1430.0984115136555
3766.795975509902
1514.9782838443682
4000.205520906871
1178.9057241890425
268.8257156618387
268.8257156618009
3018.4171730077073
642.1738722561718
2321.7385470748304
10865.290792769933
None
3355.0753600972075
4547.122156671195
533.1894502353578
16173.760168192197
170.09781899305946
13070.72861223587
194.89060341994087
6413.86529311139
924.5424192012393
128.75207845521695
194.89060341994087
635.9695926725211
4201.755745460397
268.8257156618387
194.89060341994087
945.8852725506741
1358.2042805125934
2100.5835141966245
754.1288400683445
461.02837079238265
194.89060341994087
1430.0984115136555
461.02837079238265
845.0058046875328
578.9172525388119
620.0299434811783
194.89060341994087
642.1738722561718
1475.5211844246817
None
194.89060341994087
706.1547322079623
620.0299434811783
268.8257156618009
467.9389537848253
327.72456257597304
194.89060341994087
1974.8780825223996
None
194.89060341994087
1850.2139774862271
706.1547322079623
327.72456257597304
461.02837079238265
1020.4971445569616
None
754.1288400683445
447.79221168001004
829.4631789428151
146.89331740249918
2178.161363046758
642.1738722561718
259.20387683799004
461.02837079238265
1266.7097169619128
None
2798.125079954695
300.9588497493808
578.9172525388119
461.02837079238265
2024.0771665647435
620.0299434811783
327.7245625759858
1182.932427114979
447.79221168001004
327.72456257597304
924.5424192012393
3951.8097127696765
1762.3503787366378
1762.3503787366378
564.1975901823697
421.2138964232145
754.1288400683445
1762.3503787366378
3898.48083577466
742.0761156526439
170.09781899305946
1645.360825265326
None
461.02837079238265
447.79221168001004
642.1738722561718
0.0
1024.217506459155
578.9172525388119
578.9172525388119
1015.2924277737255
447.79221168001004
533.1894502353578
1039.913643093193
327.7245625759858
620.0299434811783
16120.227886349967
0.0
268.8257156618009
1132.0654522921438
461.02837079238265
447.79221168001004
6815.519127206232
1153.4713838170799
0.0
268.8257156618009
6829.596916445773
447.79221168001004
268.8257156618009
1015.2924277737255
1015.2924277737255
845.0058046875328
170.09781899305946
None
1576.6004994078887
327.72456257597304
1178.9057241890425
924.5424192012393
561.9405015519568
924.5424192012393
1015.2924277737255
None
268.8257156618009
2018.7668974637868
673.5921027883218
564.1975901823697
467.9389537847938
1488.0210253352102
426.8384024125421
222.18272494301826
426.8384024125421
461.02837079238265
2707.0723277351954
1695.73809218545
467.9389537848253
13765.594582077578
1695.73809218545
2243.6694495235583
327.7245625759858
4911.599904658073
620.0299434811783
1152.8073956802402
8067.2048728673635
11141.439199065002
0.0
327.72456257597304
194.89060341994087
1153.7986461649457
818.1679336789259
327.72456257597304
564.1975901823697
194.89060341994087
259.20387683799004
1158.5237614238713
327.72456257597304
749.6494285573538
268.8257156618387
1039.913643093193
170.09781899305946
1834.0128088140177
1627.9645089492365
327.72456257597304
128.75207845521695
327.72456257597304
773.4310470135704
None
4925.841387550119
426.8384024125421
268.8257156618009
268.8257156618387
327.72456257597304
268.8257156618009
17467.593605748163
None
327.72456257597304
0.0
447.79221168001004
361.09037927346986
426.8384024125421
2498.506753074364
832.3758306245842
8641.229595921226
533.1894502353578
578.9172525388119
327.72456257597304
1132.0654522921438
4862.527711139458
None
754.1288400683445
578.9172525388119
711.0822014383078
None
467.9389537848253
170.09781899305946
461.02837079238265
1132.0654522921438
268.8257156618387
194.89060341994087
1158.5237614238713
268.8257156618387
1323.296899116088
268.8257156618387
3355.0753600972075
268.8257156618387
1419.538432163828
8502.035284316105
578.9172525388119
194.89060341994087
1334.5140195268234
194.89060341994087
327.72456257597304
1132.0654522921438
692.0824508308094
327.72456257597304
673.5921027883218
268.8257156618387
1514.9782838443682
327.72456257597304
426.8384024125421
2243.6694495235583
1015.2924277737255
327.72456257597304
327.72456257597304
3355.0753600972075
None
642.1738722561718
1266.7097169619128
441.9919705659999
2707.0723277351954
467.9389537848253
1024.217506459155
2243.6694495235583
