1574.8980222424743
1746.7187393761699
1604.1313366483967
1282.3360737916055
4029.8073923142856
771.635236027756
1439.7909728282043
2141.1098894658453
3656.8593780504048
1513.931635670669
1802.886483481281
274.88574237498904
1084.6686345481528
1684.5013399613965
1602.4177138672558
313.61256057421446
1203.4793697246866
991.1618103129949
1383.5250984091524
1574.8980222424743
1384.5235919670133
1943.1236558646067
1439.7909728282043
427.62167893785033
1203.4793697246866
385.3634050602252
1203.4793697246866
274.88574237498904
1603.124381265272
2365.850765279052
1605.6876682887312
14041.717982560427
1383.5250984091524
8193.379094917264
949.7256197921078
581.2835617788421
683.995614986387
1281.3766815793063
2974.879999531734
0.0
13376.0094030375
3067.6494568064822
3285.731121443519
741.4315675350014
2935.828759998646
683.995614986387
1282.3360737916055
1800.438598155384
949.7256197921078
1796.942260588875
1580.1852387684041
1911.8999999999821
1080.5128029309387
1429.1970134300645
385.3634050602252
1211.9838813469657
4235.535330517022
1604.1313366483967
1145.1703397679682
1595.8388270572093
3204.5146102632675
1307.1681685113751
3144.4523256763896
1383.5250984091524
2809.142953460544
1595.8388270572093
1728.3365807242326
1307.1681685113751
1574.8980222424743
1605.6876682887312
1418.9466895125815
983.5249267235688
0.0
1355.1496800285074
1383.5250984091524
313.61256057421446
1525.2903863331398
1203.4793697246866
3614.427076288588
None
1307.1681685113751
1802.886483481281
1355.1496800285074
1513.931635670669
1128.8232629070499
0.0
1574.8980222424743
2731.799547205017
1384.5235919670133
1796.942260588875
1252.9821180201
890.6906348936767
1252.9821180201
1326.9485714866166
274.88574237498904
1438.6863861083245
313.61256057421446
0.0
1605.6876682887312
313.61256057421446
1252.9821180201
1955.9637003419352
274.88574237498904
1326.9485714866166
385.3634050602252
1252.9821180201
2757.3352468304724
274.88574237498904
1211.9838813469657
1116.956580915427
274.88574237498904
4781.188562901224
0.0
1987.6716119255607
4575.583344727542
497.265203950546
385.3634050602252
835.6201854894895
1252.9821180201
0.0
835.6201854894895
1418.9466895125815
1418.9466895125815
274.88574237498904
1683.9587220688065
4782.739256992291
1175.059037080235
1728.3365807242326
683.995614986387
1513.931635670669
1282.3360737916055
1429.1970134300645
0.0
1384.5235919670133
1525.2903863331398
1911.8999999999821
1605.6876682887312
1203.4793697246866
1683.9587220688065
0.0
1384.5235919670133
890.6906348936767
10773.533629087964
1185.286793111179
1185.286793111179
1517.6718292071826
1911.8999999999821
586.7098232870687
2049.7028344180103
1252.9821180201
835.6201854894895
2141.1098894658453
1774.5783635352889
949.7256197921078
5030.593402467381
12287.211423771407
3593.883217810901
313.61256057421446
683.995614986387
1822.6849242914554
6044.176814210285
None
1513.931635670669
1762.3503787366378
1800.438598155384
274.88574237498904
0.0
1268.453050172883
1384.5235919670133
385.3634050602252
0.0
274.88574237498904
9292.286107920378
0.0
1662.4869554949425
None
1355.1496800285074
1414.054783822158
7998.2608396012565
990.5494740347111
1252.9821180201
274.88574237498904
1457.9968266939245
274.88574237498904
1404.3135284349607
1110.7328670493255
949.7256197921078
1606.9878220014084
1117.9591894589087
683.995614986387
274.88574237498904
16825.316123306253
1384.5235919670133
2393.1525592777025
1355.1496800285074
1080.5128029309387
1282.3360737916055
1654.4294798585308
12241.407438195156
None
1911.8999999999821
1414.054783822158
427.62167893785033
1762.3503787366378
1819.1228578379832
274.88574237498904
771.635236027756
890.6906348936767
1361.289435632744
3577.8960854419397
1145.1703397679682
274.88574237498904
4566.892368302372
741.4315675350014
4860.057767792342
586.7098232870687
1438.6863861083245
2750.2075552389388
313.61256057421446
1639.9304575154695
12504.232117524773
0.0
1605.6876682887312
1525.2903863331398
1404.3135284349607
1203.4793697246866
1728.3365807242326
274.88574237498904
1762.3503787366378
313.61256057421446
581.2835617788421
497.265203950546
3139.0019475136423
5289.825127649517
1307.1681685113751
1252.5692206126987
991.1618103129949
2415.688198437452
2141.1098894658453
381.92588339334327
1574.8980222424743
1252.9821180201
0.0
12230.029143818923
2159.3557298306177
3593.883217810901
1605.6876682887312
2256.9050141860544
1602.4177138672558
1619.840382392705
1604.1313366483967
313.61256057421446
1414.054783822158
1525.2903863331398
1746.7187393761699
1728.3365807242326
3551.364689397298
3312.719647660311
1307.1681685113751
0.0
521.2690885297371
None
1513.931635670669
1384.5235919670133
2365.850765279052
1117.9591894589087
2837.731401519699
890.6906348936767
None
385.3634050602252
1606.9878220014084
1605.6876682887312
4058.828411011783
1117.9591894589087
1429.1970134300645
1728.3365807242326
1411.6338501356086
1203.4793697246866
1211.9838813469657
1383.5250984091524
1414.054783822158
9878.179736335063
3042.911097646337
274.88574237498904
1355.1496800285074
313.61256057421446
1739.5962195723205
3889.1689415507585
771.635236027756
1384.5235919670133
1429.1970134300645
683.995614986387
1623.2840435744565
1185.286793111179
1282.3360737916055
1211.9838813469657
1185.286793111179
868.1224926668667
3011.216631620377
427.62167893785033
1595.8388270572093
1525.2903863331398
1603.124381265272
1211.9838813469657
997.1990426376979
2730.084879473318
1252.9821180201
1513.931635670669
8986.18344502201
2757.3352468304724
3312.719647660311
7211.913230213363
313.61256057421446
1096.022784276709
6051.315891769618
1911.8999999999821
1414.054783822158
1414.054783822158
1604.1313366483967
1414.054783822158
1211.9838813469657
1150.670160082762
0.0
1683.9587220688065
1513.931635670669
274.88574237498904
0.0
1289.1411888438085
3343.2370331747284
1429.1970134300645
590.3293410842713
1513.931635670669
1252.9821180201
1602.4177138672558
1796.942260588875
0.0
741.4315675350014
1513.931635670669
1911.8999999999821
1513.931635670669
385.3634050602252
1493.711695864804
868.1224926668667
274.88574237498904
2434.179118550921
2131.8791013649943
3139.0019475136423
1282.3360737916055
581.2835617788421
1911.8999999999821
1911.8999999999821
1654.4294798585308
1605.6876682887312
2702.6056992939784
2674.2984031176834
1414.054783822158
5463.457063554801
1145.1703397679682
1307.1681685113751
1429.1970134300645
890.6906348936767
1774.5783635352889
1211.9838813469657
2639.346981408647
3691.5076265684597
1980.3086498879736
274.88574237498904
1525.2903863331398
1414.054783822158
1637.97214464863
1252.9821180201
1384.5235919670133
1414.054783822158
586.7098232870687
1429.1970134300645
1384.5235919670133
1494.683822047263
1668.18977797164
1429.1970134300645
1096.022784276709
0.0
1654.4294798585308
11935.745201901216
12803.65771566552
0.0
1384.5235919670133
1605.6876682887312
1429.1970134300645
1513.931635670669
683.995614986387
2434.179118550921
1384.5235919670133
1252.9821180201
1429.1970134300645
1384.5235919670133
1513.931635670669
1383.5250984091524
1185.286793111179
1513.931635670669
1802.886483481281
1494.683822047263
1252.9821180201
1282.3360737916055
1525.2903863331398
1383.5250984091524
1595.8388270572093
1684.5013399613965
8652.323556828878
1668.18977797164
1282.3360737916055
1185.286793111179
4699.439054706693
860.1713584464175
1383.5250984091524
385.3634050602252
1802.886483481281
1084.6686345481528
1598.8097443040242
5398.634078734344
586.7098232870687
1574.8980222424743
2667.0186870615935
1439.7909728282043
1502.0778722357131
1281.3766815793063
274.88574237498904
2734.0747179820737
1670.8005866904837
1802.886483481281
581.2835617788421
3067.6494568064822
2177.2768619255376
890.6906348936767
1911.8999999999821
1383.5250984091524
1605.6876682887312
274.88574237498904
1110.7328670493255
1128.8232629070499
1411.6338501356086
274.88574237498904
2131.8791013649943
1493.711695864804
2434.179118550921
None
1355.1496800285074
1774.5783635352889
1384.5235919670133
1384.5235919670133
1355.1496800285074
683.995614986387
1513.931635670669
1384.5235919670133
1252.9821180201
1429.1970134300645
1502.0778722357131
1513.931635670669
1128.8232629070499
1911.8999999999821
1604.1313366483967
949.7256197921078
274.88574237498904
741.4315675350014
948.5888742862555
683.995614986387
1411.6338501356086
3141.1258120293746
385.3634050602252
1404.3135284349607
0.0
1116.956580915427
274.88574237498904
5668.983899414273
1605.6876682887312
1384.5235919670133
1605.6876682887312
1414.054783822158
1604.1313366483967
1211.9838813469657
1383.5250984091524
274.88574237498904
1911.8999999999821
1384.5235919670133
6553.990487082438
1513.931635670669
2017.5866480776344
1185.286793111179
1252.9821180201
1429.1970134300645
1282.3360737916055
1307.1681685113751
868.1224926668667
1574.8980222424743
274.88574237498904
1604.1313366483967
1252.9821180201
771.635236027756
1513.931635670669
1355.1496800285074
1383.5250984091524
0.0
949.7256197921078
313.61256057421446
1784.9418276244353
3656.8593780504048
3144.4523256763896
2839.9840390901722
None
1252.5692206126987
2757.3352468304724
1502.0778722357131
1439.7909728282043
274.88574237498904
1203.4793697246866
1692.1291539646074
1096.022784276709
521.2690885297371
1414.054783822158
274.88574237498904
890.6906348936767
1312.1351185708409
274.88574237498904
6317.042512113117
1203.4793697246866
581.2835617788421
1605.6876682887312
1544.8699922319827
1544.8699922319827
1544.8699922319827
0.0
0.0
0.0
0.0
0.0
0.0
0.0
0.0
0.0
0.0
0.0
1414.054783822158
0.0
274.88574237498904
1185.286793111179
1252.9821180201
1404.3135284349607
2017.5866480776344
8148.843775371355
521.2690885297371
983.5249267235688
313.61256057421446
1605.6876682887312
4235.535330517022
313.61256057421446
274.88574237498904
1252.9821180201
1117.9591894589087
1203.4793697246866
None
313.61256057421446
1281.3766815793063
1307.1681685113751
1117.9591894589087
1185.286793111179
1439.7909728282043
313.61256057421446
1411.6338501356086
1692.1291539646074
313.61256057421446
4538.255737033008
586.7098232870687
741.4315675350014
0.0
274.88574237498904
1911.8999999999821
1411.6338501356086
2809.142953460544
1513.931635670669
1383.5250984091524
274.88574237498904
1383.5250984091524
1414.054783822158
1574.8980222424743
1439.7909728282043
2639.346981408647
1252.9821180201
0.0
890.6906348936767
890.6906348936767
1429.1970134300645
890.6906348936767
1145.1703397679682
3973.3873449528764
1595.8388270572093
2310.5124549042744
1911.8999999999821
3899.0195750652356
817.8632626504152
1185.286793111179
1602.4177138672558
771.635236027756
1513.931635670669
1637.97214464863
2757.3352468304724
274.88574237498904
1890.1437931382047
683.995614986387
1248.793425277443
1383.5250984091524
521.2690885297371
2667.0186870615935
1574.8980222424743
274.88574237498904
1513.931635670669
741.4315675350014
1387.8804772720766
1355.1496800285074
1439.7909728282043
949.7256197921078
1096.022784276709
1268.453050172883
1384.5235919670133
817.8632626504152
1145.1703397679682
0.0
1656.5789632120902
1117.9591894589087
1684.5013399613965
1203.4793697246866
1384.5235919670133
3139.0019475136423
1175.059037080235
313.61256057421446
1268.453050172883
1096.022784276709
1684.5013399613965
1574.8980222424743
741.4315675350014
1615.8937755364302
1784.9418276244353
683.995614986387
274.88574237498904
274.88574237498904
1784.9418276244353
1383.5250984091524
2415.688198437452
1802.886483481281
2730.084879473318
0.0
1746.7187393761699
0.0
1268.453050172883
1513.931635670669
None
2761.6807353298627
6759.349683401652
2273.341286715429
7974.867797783656
1307.1681685113751
1639.9304575154695
385.3634050602252
890.6906348936767
3577.8960854419397
2627.153918931241
1268.453050172883
1911.8999999999821
521.2690885297371
0.0
1211.9838813469657
274.88574237498904
1252.9821180201
771.635236027756
6796.7106602499225
1211.9838813469657
1326.9485714866166
1326.9485714866166
385.3634050602252
1854.3572971990554
586.7098232870687
0.0
274.88574237498904
274.88574237498904
1383.5250984091524
3593.883217810901
1252.9821180201
1860.07882946567
1211.9838813469657
274.88574237498904
1668.18977797164
1411.6338501356086
None
2049.7028344180103
1404.3135284349607
1175.059037080235
1414.054783822158
683.995614986387
6102.1057818139225
1203.4793697246866
1281.3766815793063
5031.268808237639
1282.3360737916055
1012.2938575633068
581.2835617788421
1728.3365807242326
13770.245602570667
2567.9048090426254
949.7256197921078
274.88574237498904
1117.9591894589087
1476.1857501005384
741.4315675350014
385.3634050602252
1384.5235919670133
837.4438988422753
274.88574237498904
1282.3360737916055
3059.5600791140837
3268.104612540524
274.88574237498904
3872.7673824743106
1574.8980222424743
5139.7484180199135
860.1713584464175
7109.543003188585
1414.054783822158
274.88574237498904
1656.5789632120902
1404.3135284349607
2750.2075552389388
1662.4869554949425
6044.176814210285
0.0
1574.8980222424743
683.995614986387
1746.7187393761699
1911.8999999999821
1414.054783822158
12803.65771566552
1203.4793697246866
741.4315675350014
1252.9821180201
469.16553100460453
3326.1154459547774
940.6012946802136
385.3634050602252
1326.9485714866166
1282.3360737916055
949.7256197921078
274.88574237498904
313.61256057421446
1457.9968266939245
1150.670160082762
860.1713584464175
1307.1681685113751
2131.8791013649943
1355.1496800285074
274.88574237498904
0.0
0.0
1605.6876682887312
1914.3287160336204
1384.5235919670133
12803.65771566552
890.6906348936767
1439.7909728282043
5298.942452060715
1822.6849242914554
1273.9959078372178
1273.9959078372178
1384.5235919670133
1605.6876682887312
890.6906348936767
1911.8999999999821
11983.423703052651
1525.2903863331398
1384.5235919670133
2667.0186870615935
1355.1496800285074
3096.4709210317037
427.62167893785033
2141.1098894658453
1796.942260588875
1602.4177138672558
3326.54190446188
1911.8999999999821
1355.1496800285074
274.88574237498904
983.5249267235688
2887.2567280172907
1595.8388270572093
1605.6876682887312
1774.5783635352889
1203.4793697246866
1605.6876682887312
1602.4177138672558
1252.9821180201
1185.286793111179
None
1595.8388270572093
385.3634050602252
None
4538.255737033008
741.4315675350014
835.6201854894895
1595.8388270572093
0.0
6986.403237342735
683.995614986387
4986.307515795307
1439.7909728282043
3042.911097646337
6304.222273743536
1654.4294798585308
1605.6876682887312
1457.9968266939245
274.88574237498904
683.995614986387
1203.4793697246866
3326.54190446188
1654.4294798585308
1282.3360737916055
1211.9838813469657
1117.9591894589087
1494.683822047263
0.0
3889.1689415507585
None
1414.054783822158
1574.8980222424743
1145.1703397679682
1414.054783822158
1275.7303787659107
3780.452895309866
497.265203950546
983.5249267235688
1854.3572971990554
3042.911097646337
1493.711695864804
1383.5250984091524
1096.022784276709
1361.289435632744
1203.4793697246866
3656.8593780504048
1418.9466895125815
1275.7303787659107
6780.562203302353
1711.5745835723965
771.635236027756
1513.931635670669
13458.662180913969
2809.142953460544
3889.1689415507585
1355.1496800285074
427.62167893785033
1185.286793111179
1185.286793111179
2273.341286715429
741.4315675350014
3429.2690138898083
1457.9968266939245
1517.6718292071826
1513.931635670669
1746.7187393761699
1513.931635670669
7644.368155827153
4894.867519904685
2750.2075552389388
4327.869635753009
4714.341680593185
4331.526848105106
741.4315675350014
1383.5250984091524
1531.2586197235892
1662.4869554949425
1414.054783822158
949.7256197921078
5155.004134353966
2974.879999531734
7874.76199290931
2674.2984031176834
741.4315675350014
274.88574237498904
1414.054783822158
None
2049.7028344180103
860.1713584464175
1288.484471100947
1684.5013399613965
1185.286793111179
313.61256057421446
1513.931635670669
2131.8791013649943
None
1289.1411888438085
274.88574237498904
1282.3360737916055
1605.6876682887312
1606.9878220014084
1307.1681685113751
5697.497995416177
1517.6718292071826
5697.497995416177
1203.4793697246866
2310.5124549042744
3088.6062631498357
2045.8755697889121
None
1457.9968266939245
1861.3804690234058
313.61256057421446
1282.3360737916055
1684.5013399613965
313.61256057421446
2809.142953460544
None
6386.021523678963
1822.6849242914554
14613.274495762991
None
1023.6869832773381
949.7256197921078
1502.0778722357131
1384.5235919670133
1784.9418276244353
1145.1703397679682
1855.2600418624168
10059.676857693072
None
521.2690885297371
14427.769167900256
1211.9838813469657
3656.8593780504048
274.88574237498904
2273.341286715429
1429.1970134300645
0.0
0.0
1595.8388270572093
None
None
2310.5124549042744
1185.286793111179
1493.711695864804
1911.8999999999821
1513.931635670669
9136.763882696383
1602.4177138672558
2674.2984031176834
1252.9821180201
1605.6876682887312
1525.2903863331398
1860.3169727175161
0.0
0.0
0.0
10965.177418782749
1525.2903863331398
1384.5235919670133
None
1762.3503787366378
1383.5250984091524
2310.5124549042744
5134.532197030709
991.1618103129949
1312.1351185708409
1273.9959078372178
1282.3360737916055
2752.755007358538
5418.464601418393
991.1618103129949
5740.963388917729
1606.9878220014084
1517.6718292071826
1684.5013399613965
1375.4218578340692
1252.9821180201
3119.4024024758583
12146.213865437352
None
4986.307515795307
3593.883217810901
1404.3135284349607
16825.316123306253
1602.4177138672558
11315.435202040622
1605.6876682887312
6479.230823779554
1203.4793697246866
1662.4869554949425
1605.6876682887312
1128.8232629070499
3591.268040252053
1517.6718292071826
1605.6876682887312
1671.2793788406436
1802.886483481281
3577.8960854419397
1355.1496800285074
1307.1681685113751
1605.6876682887312
2752.755007358538
1307.1681685113751
1383.5250984091524
1211.9838813469657
1411.6338501356086
1605.6876682887312
1252.9821180201
521.2690885297371
None
1605.6876682887312
1476.1857501005384
1411.6338501356086
1684.5013399613965
1312.1351185708409
1513.931635670669
1605.6876682887312
3263.1376361552225
None
1605.6876682887312
817.8632626504152
1476.1857501005384
1513.931635670669
1307.1681685113751
949.7256197921078
None
1355.1496800285074
1384.5235919670133
1080.5128029309387
1855.2600418624168
683.995614986387
1252.9821180201
1683.9587220688065
1307.1681685113751
1525.2903863331398
None
3268.104612540524
1739.5962195723205
1211.9838813469657
1307.1681685113751
313.61256057421446
1411.6338501356086
1439.7909728282043
1117.9591894589087
1384.5235919670133
1513.931635670669
1203.4793697246866
5608.708530090576
0.0
0.0
1911.8999999999821
1788.9512136888702
1355.1496800285074
0.0
2273.341286715429
1598.8097443040242
1602.4177138672558
1900.181544766144
None
1307.1681685113751
1384.5235919670133
1252.9821180201
1762.3503787366378
1574.8980222424743
1211.9838813469657
1211.9838813469657
1429.1970134300645
1384.5235919670133
1404.3135284349607
1096.022784276709
1439.7909728282043
1411.6338501356086
15214.953505968793
1762.3503787366378
1684.5013399613965
1185.286793111179
1307.1681685113751
1384.5235919670133
6700.339966901421
1774.5783635352889
1762.3503787366378
1684.5013399613965
8340.934678060825
1384.5235919670133
1684.5013399613965
1429.1970134300645
1429.1970134300645
1383.5250984091524
1602.4177138672558
None
274.88574237498904
1513.931635670669
1606.9878220014084
1203.4793697246866
1784.9418276244353
1203.4793697246866
1429.1970134300645
None
1684.5013399613965
2924.543371301831
1502.0778722357131
1911.8999999999821
1580.1852387684041
1822.6849242914554
1728.3365807242326
1692.1291539646074
1728.3365807242326
1307.1681685113751
4235.535330517022
2837.0042301277304
1312.1351185708409
12590.650247013784
2837.0042301277304
3656.8593780504048
1439.7909728282043
6646.307841511776
1411.6338501356086
2310.5124549042744
9804.608193565073
12803.65771566552
1762.3503787366378
1513.931635670669
1605.6876682887312
953.4214452401724
1595.8388270572093
1513.931635670669
1911.8999999999821
1605.6876682887312
1683.9587220688065
1268.453050172883
1513.931635670669
1493.711695864804
1517.6718292071826
1096.022784276709
1602.4177138672558
2131.8791013649943
2883.8186273073165
1513.931635670669
1662.4869554949425
1513.931635670669
2049.7028344180103
None
5853.087125942129
1728.3365807242326
1684.5013399613965
1517.6718292071826
1513.931635670669
1684.5013399613965
15801.957327840186
None
1513.931635670669
1762.3503787366378
1384.5235919670133
1544.8699922319827
1728.3365807242326
4235.326869578817
997.1990426376979
8696.8779939034
1404.3135284349607
1211.9838813469657
1513.931635670669
1185.286793111179
6558.4158058402
None
1355.1496800285074
1211.9838813469657
1080.4188225444689
None
1312.1351185708409
1602.4177138672558
1307.1681685113751
1185.286793111179
1517.6718292071826
1605.6876682887312
1268.453050172883
1517.6718292071826
2667.0186870615935
1517.6718292071826
4986.307515795307
1517.6718292071826
385.3634050602252
9094.087375600746
1211.9838813469657
1605.6876682887312
1656.5789632120902
1605.6876682887312
1513.931635670669
1185.286793111179
1150.670160082762
1513.931635670669
1502.0778722357131
1517.6718292071826
991.1618103129949
1513.931635670669
1728.3365807242326
3656.8593780504048
1429.1970134300645
1513.931635670669
1513.931635670669
4986.307515795307
None
1252.9821180201
1525.2903863331398
1654.4294798585308
4235.535330517022
1312.1351185708409
1574.8980222424743
3656.8593780504048
