19124
19335
19146
19141
63033
19438
19050
19320
19701
19143
19136
19401
18969
19145
19023
19426
19144
19355
19140
19124
19139
19505
19050
19405
19144
19406
19144
19401
18974
19021
19142
16601
19140
18438
19128
19087
19446
19129
18102
19403
06877
19607
18069
19460
95687
19446
19141
19116
19128
19014
19103
19013
19004
19120
19406
19151
19709
19146
19475
19134
19601
19082
18104
19140
18015
19134
19148
19082
19124
19142
19465
19440
19403
19132
19140
19426
19111
19144
18067
80690
19082
19136
19132
19143
19083
19403
19124
08053
19139
19014
19131
19468
19131
18054
19401
19012
19426
19403
19142
19426
19131
18902
19401
18054
19406
19131
19606
19401
19151
19073
19401
18353
19403
18954
17516
19422
19406
19454
19131
19403
19454
19465
19465
19401
19076
08302
19044
19148
19446
19143
19141
19120
19403
19139
19111
19013
19142
19144
19076
19403
19139
19468
11554
19138
19138
19018
19013
19428
19061
19131
19454
19320
19135
19128
90024
10505
19608
19426
19446
19114
19904
40470
19143
19153
19116
19401
19403
19126
19139
19406
19403
19401
17241
19403
19079
81080
19132
19464
17050
18964
19131
19401
19130
19401
19104
19127
19128
19149
19150
19446
19401
82050
19139
08046
19132
19004
19141
19147
12834
80150
19013
19464
19405
19153
18041
19401
19438
19468
19341
19720
19475
19401
21015
19460
21084
19428
19012
19522
19426
19036
78617
19403
19142
19111
19104
19144
19148
19401
19153
19426
19087
19422
19611
07726
19082
18914
19355
18938
19320
19456
19124
19131
19403
31324
19810
19608
19142
18940
19023
18073
19146
19426
19464
19111
19335
19148
18045
18042
19082
19403
19462
70320
19143
19139
19021
19150
19562
19468
80660
19406
19149
19142
17584
19150
19120
19148
19121
19144
19151
19140
19464
17847
19602
19401
19132
19426
19078
21921
19438
19139
19120
19446
19043
19138
19141
19151
19138
19473
08055
19405
19134
19111
18974
19151
19072
19365
19131
19143
17201
19606
18042
84047
19426
19119
19901
19013
19464
19464
19146
19464
19151
19008
19403
19076
19143
19401
19403
19027
08070
19120
19453
19143
19131
19023
19014
19403
19460
19143
19013
19143
19406
19133
19473
19401
19047
19020
19611
19141
19087
19013
19013
19147
19142
19390
19805
19464
21209
19475
19082
19120
19468
19135
19151
19055
19533
19504
19401
19111
19464
19123
19131
19139
19464
19428
19120
19139
19525
19115
19120
19119
19403
19147
83120
80750
19403
19139
19142
19120
19143
19446
19047
19139
19131
19120
19139
19143
19140
19138
19143
19136
19525
19131
19141
19111
19140
19134
19145
11205
19115
19141
19138
21001
19010
19140
19406
19136
18969
19125
43952
19428
19124
19802
19050
19122
19129
19401
18103
19033
19136
19087
19607
18092
19468
19013
19140
19142
19401
19127
19083
19121
19401
19020
19133
19047
80300
19132
19135
19139
19139
19132
19446
19143
19139
19131
19120
19122
19143
19083
19013
19146
19128
19401
19460
19041
19446
19121
18109
19406
19104
19403
19073
19401
19938
19142
19139
19142
19464
19146
19151
19140
19401
19013
19139
88310
19143
19053
19138
19131
19120
19141
19082
19473
19124
19401
19146
19131
19438
19143
19132
19140
19403
19128
19426
19015
19701
18104
08060
80770
18914
19606
19122
19050
19401
19144
19074
19119
19462
19464
19401
19468
19026
19401
82420
19144
19087
19142
19070
19070
19070
19403
19403
19403
19403
19403
19403
19403
19403
19403
19403
19403
19464
19403
19401
19138
19131
19104
19053
18603
19462
19440
19426
19142
19709
19426
19401
19131
19150
19144
81080
19426
19129
19082
19150
19138
19050
19426
19121
19074
19426
18235
19428
19460
19403
19401
19013
19121
18015
19143
19140
19401
19140
19464
19124
19050
19055
19131
19403
19468
19468
19120
19468
19475
17578
19134
19803
19013
19565
19002
19138
19023
19438
19143
19123
19606
19401
18925
19446
19492
19140
19462
19802
19124
19401
19143
19460
19380
19132
19050
19128
19119
19126
19139
19002
19475
19403
19152
19150
19145
19144
19139
19611
19044
19426
19126
19119
19145
19124
19460
19342
19015
19446
19401
19401
19015
19140
18938
19136
19365
19403
19335
19403
19126
19143
00000
19054
80540
18951
17268
19082
19036
19406
19468
19720
81050
19126
19013
19462
19403
19151
19401
19131
19438
18707
19151
18054
18054
19406
19382
19428
19403
19401
19401
19140
19608
19131
19022
19151
19401
19115
19121
19516
19061
19104
19044
19464
19446
18201
19144
19129
17545
19141
19038
19087
19148
11763
18011
19128
19401
19150
19063
19460
19406
19139
19034
19401
19141
18018
88220
19401
17522
19124
08232
19010
80020
19464
19401
19152
19104
19522
19079
19904
19403
19124
19446
19335
19013
19464
80750
19144
19460
19131
19474
18020
19075
19406
18054
19141
19128
19401
19426
19130
19008
19010
19082
19020
19132
19401
19403
19403
19142
19512
19139
80750
19468
19050
17042
19114
19001
19001
19139
19142
19468
19013
14568
19111
19139
19802
19132
19604
19405
19320
19014
19023
19363
19013
19132
19401
19440
19330
19134
19142
19135
19144
19142
19023
19131
19138
80770
19134
19406
18060
18235
19460
19454
19134
19403
17339
19446
80810
19050
19602
80120
19147
19142
19130
19401
19446
19144
19363
19147
19141
19151
19150
19525
19403
21921
74160
19464
19124
19475
19464
19090
19534
19422
19440
19382
19602
19133
19140
19119
19341
19144
19702
19465
19090
18249
19032
19438
19143
16412
18015
21921
19132
19405
19138
19138
18951
19460
19609
19130
19018
19143
19335
19143
18705
18013
19522
17603
85024
08844
19460
19140
19319
19079
19464
19128
80840
18102
33029
19805
19460
19401
19464
19160
19061
19010
19425
19145
19138
19426
19143
19020
80850
19027
19401
19141
19142
19149
19082
21225
19018
21225
19144
19803
19711
19518
19192
19130
18944
19426
19141
19145
19426
18015
80450
26542
19114
77044
11070
19003
19128
19122
19139
19015
19475
19029
10466
81060
19462
27051
19151
19701
19401
18951
19120
19403
19403
19134
80960
80850
19803
19138
19133
19013
19143
19971
19023
19805
19131
19142
19111
18966
19403
19403
19403
14608
19111
19139
70160
19153
19140
19803
18229
19355
19026
19001
19141
19801
19977
19355
20010
19149
19018
19145
18960
19131
19352
11706
81080
80810
19608
19104
82050
19023
59901
19142
17057
19144
19079
19142
19083
17517
19018
19142
19137
19136
19720
19132
19082
19142
19801
19082
19140
19151
19121
19142
19131
19462
81103
19142
19063
19121
19145
19026
19143
19142
19713
80460
19142
19002
19063
19143
19082
19128
80850
19132
19139
19004
19029
19446
19131
19076
19082
19111
80460
88220
19078
19151
19082
19426
19121
19050
19150
19139
19143
19144
21228
19403
19403
19013
19094
19132
19403
18951
19125
19023
19154
82320
19082
19139
19131
19153
19124
19151
19151
19120
19139
19104
19119
19050
19121
78210
19153
19145
19138
19082
19139
17036
19135
19153
19145
80530
19139
19145
19120
19120
19140
19023
80160
19401
19143
19149
19144
19015
19144
19120
80970
19145
19350
19122
19013
19103
19114
19148
19074
19148
19082
19709
19808
19026
12461
19808
19702
19050
80210
19121
19803
19973
80750
19153
19143
19142
19118
19134
19143
19013
19142
19076
19126
19143
19133
19018
19119
19023
19020
19804
19143
19079
19143
19061
80160
80510
19148
19145
19018
19143
19145
77460
80660
19143
19153
19139
19070
19148
45106
19072
84010
19104
19151
19143
19138
20772
81100
19132
19151
19096
80460
19026
19023
19082
19138
19018
19142
19126
19018
19802
19018
80810
19018
19406
11385
19151
19142
19152
19142
19143
19138
19008
19143
19122
19018
19355
19143
19148
19701
19120
19143
19143
80810
80450
19131
19111
19147
19709
19026
19124
19701